0b011c01 0b014101 10000 1280 1280000 0 996394 447820
0b00fc01 0b016401 10000 1280 1280000 0 1025238 447820
0b002901 0b016101 10000 1280 1280000 0 1797909 447820
0b006801 0b015901 10000 1280 1280000 0 1866383 447820
0b00ee01 0b019f01 10000 1280 1280000 0 1869612 447820
0b008901 0b016201 10000 1280 1280000 0 1938094 447820
0b00fb01 0b017b01 10000 1280 1280000 0 1943241 447820
0b006c01 0b019301 10000 1280 1280000 0 1948581 447820
0b003e01 0b016f01 10000 1280 1280000 0 1956866 447820
0b011301 0b017301 10000 1280 1280000 0 1966275 447820
0b000b01 0b015901 10000 1280 1280000 0 2266782 447820
0b007f01 0b014f01 10000 1280 1280000 0 2389888 447820
0b007f01 0b017e01 10000 1280 1280000 0 2408978 447820
0b004001 0b017f01 10000 1280 1280000 0 2431874 447820
0b005701 0b014501 10000 1280 1280000 0 2510007 447820
0b00f401 0b016401 10000 1280 1280000 0 2716153 447820
0b001e01 0b014d01 10000 1280 1280000 0 2751856 447820
0b005501 0b019801 10000 1280 1280000 0 2791558 447820
0b008101 0b016401 10000 1280 1280000 0 2793245 447820
0b013301 0b017c01 10000 1280 1280000 0 2835214 447820
0b008e01 0b019201 10000 1280 1280000 0 2864922 447820
0b00ce01 0b015901 10000 1280 1280000 0 2916267 447820
0b011e01 0b018a01 10000 1280 1280000 0 2916819 447820
0b000b01 0b017f01 10000 1280 1280000 0 3035692 447820
0b011201 0b019401 10000 1280 1280000 0 3069894 447820
0b000001 0b017901 10000 1280 1280000 0 3297329 447820
0b00a101 0b014e01 10000 1280 1280000 0 3373414 447820
0b00fa01 0b019e01 10000 1280 1280000 0 3549608 447820
0b005e01 0b018701 10000 1280 1280000 0 3621351 447820
0b00ed01 0b015401 10000 1280 1280000 0 3647175 447820
0b00de01 0b015801 10000 1280 1280000 0 3706427 447820
0b002101 0b014e01 10000 1280 1280000 0 3767663 447820
0b00a201 0b015301 10000 1280 1280000 0 3782320 447820
0b003801 0b018801 10000 1280 1280000 0 3793931 447820
0b010101 0b017901 10000 1280 1280000 0 3813974 447820
0b012a01 0b015a01 10000 1280 1280000 0 3831081 447820
0b008401 0b017f01 10000 1280 1280000 0 3874838 447820
0b00d901 0b016901 10000 1280 1280000 0 3894660 447820
0b00e901 0b017001 10000 1280 1280000 0 4722643 447820
0b00c401 0b018201 10000 1280 1280000 0 4886738 447820
0b00e501 0b017701 10000 1280 1280000 0 4951650 447820
0b00c001 0b018b01 10000 1280 1280000 0 5234672 447820
0b005a01 0b019501 10000 1280 1280000 0 5290613 447820
0b004401 0b019701 10000 1280 1280000 0 5510549 447820
0b005f01 0b017601 10000 1280 1280000 0 5515176 447820
0b00ee01 0b019201 10000 1280 1280000 0 5556278 447820
0b006901 0b018001 10000 1280 1280000 0 5666285 447820
0b006c01 0b019201 10000 1280 1280000 0 5679569 447820
0b008f01 0b018601 10000 1280 1280000 0 5716341 447820
0b001901 0b017401 10000 1280 1280000 0 5740580 447820
